0.0176130078
0.0354792195
0.0407733233
0.0489157076
1.3197356847
1.2140202793
1.1401493644
1.1237174693
2.5429000654
2.2517952230
2.0707466843
2.0013737514
3.2741650708
2.8992678199
2.6591660012
2.5556162390
1.7856875827
1.6241972276
1.8843532510
2.5311329384
0.0947795856
0.1550193080
0.1007564965
2.9799843410
2.5468329039
0.4902627022
2.3773233498
2.7090203926
0.4418066129
2.5858677840
0.5083645414
1.6232368016
1.6001821532
1.4655520092
1.5653331566
1.9830417100
1.5991035216
2.5955702569
0.8272254325
2.3632311673
2.2289140185
0.8200102716
2.5009557617
2.2497293223
0.2563930958
2.3191223292
0.9423462481
0.8760214838
0.2988045662
2.9831305340
1.9541638999
2.2806934298
2.3688223149
1.9670731033
2.1066362239
2.1856777584
1.9952166490
0.3753322888
1.7907729604
1.3023472851
0.7725772595
0.6989063305
2.7655947548
2.5440060048
