0.0000000000
0.0000000000
0.0000000000
0.0000000000
0.3333333333
0.3333333333
0.3333333333
0.3333333333
0.6666666667
0.6666666667
0.6666666667
0.6666666667
1.0000000000
1.0000000000
1.0000000000
1.0000000000
0.5050505050
0.4949494950
0.5050505050
0.9191919192
0.0707070708
0.0707070708
0.0505050504
0.9393939396
0.9292929292
0.1717171717
0.8383838383
0.8383838383
0.1515151517
0.8484848483
0.1717171717
0.4949494950
0.4242424242
0.4040404042
0.4444444446
0.5555555554
0.4343434342
0.7373737375
0.2424242425
0.7373737375
0.7474747475
0.2424242425
0.7474747475
0.7474747475
0.1111111112
0.7575757575
0.2626262625
0.2525252525
0.1414141412
0.8686868687
0.6161616162
0.6161616162
0.8686868687
0.5959595958
0.5353535354
0.6060606063
0.6161616162
0.1313131312
0.5656565658
0.3737373737
0.2222222221
0.2121212121
0.8888888888
0.8787878787
