0.0000000000
0.3333333333
0.6666666667
1.0000000000
0.0000000000
0.3333333333
0.6666666667
1.0000000000
0.0000000000
0.3333333333
0.6666666667
1.0000000000
0.0000000000
0.3333333333
0.6666666667
1.0000000000
0.4949494950
0.8282828283
0.1616161617
0.8787878788
0.1212121212
0.8787878788
0.5353535353
0.1212121212
0.5454545454
0.2323232323
0.7676767677
0.2323232323
0.7676767677
0.4343434343
0.4343434343
0.9191919192
0.0808080808
0.5757575758
0.7474747474
0.4141414141
0.2626262627
0.0707070707
0.9292929293
0.5959595960
0.9292929293
0.8282828283
0.1717171717
0.8282828283
0.6060606061
0.4949494950
0.1717171717
0.4949494950
0.0000000000
0.0000000000
0.8787878788
0.1111111111
1.0000000000
0.7575757576
0.0000000000
0.2323232323
0.5555555556
1.0000000000
1.0000000000
0.8787878788
0.0707070707
0.6666666667
0.3333333333
0.6565656566
